0.0 2826689.052989587
0.0033533619820335647 2826523.0373222977
0.0067067239640671295 2826353.150919492
0.010060085946100694 2826178.952892334
0.013413447928134259 2825999.959936135
0.016766809910167824 2825815.636281443
0.02012017189220139 2825625.396067825
0.023473533874234953 2825428.5846091113
0.026826895856268518 2825224.470893995
0.030180257838302083 2825012.2297067097
0.03353361982033565 2824790.9417633265
0.03688698180236921 2824559.560992214
0.04024034378440278 2824316.890208595
0.04359370576643634 2824061.5757466946
0.046947067748469906 2823792.0550068887
0.05030042973050347 2823506.5234999433
0.053653791712537036 2823202.874146249
0.0570071536945706 2822878.670071326
0.060360515676604165 2822531.036369242
0.06371387765863773 2822156.574367712
0.0670672396406713 2821751.219186344
0.07042060162270486 2821310.139769589
0.07377396360473842 2820827.4808555553
0.07712732558677199 2820296.1168697164
0.08048068756880555 2819707.2612549416
0.08383404955083912 2819050.1021359544
0.08718741153287268 2818311.065144042
0.09054077351490625 2817472.972894137
0.09389413549693981 2816513.749815982
0.09724749747897338 2815404.9314384623
0.10060085946100694 2814109.6479936806
0.1039542214430405 2812604.2838653103
0.10730758342507407 2810892.4290286535
0.11066094540710764 2808988.864199791
0.1140143073891412 2806920.3162459983
0.11736766937117477 2804724.9260790744
0.12072103135320833 2802450.3029928496
0.1240743933352419 2800150.2572445506
0.12742775531727546 2797880.6405139226
0.13078111729930902 2795694.886619007
0.1341344792813426 2793639.8917036206
0.13748784126337615 2791752.850272432
0.14084120324540972 2790059.414164456
0.14419456522744328 2788573.277334838
0.14754792720947685 2787297.031810931
0.1509012891915104 2786223.9628826706
0.15425465117354398 2785339.300912126
0.15760801315557754 2784607.431646282
0.1609613751376111 2783994.9559008563
0.16431473711964467 2783476.9739624234
0.16766809910167824 2783034.4512937125
0.1710214610837118 2782651.551219487
0.17437482306574537 2782316.229982922
0.17772818504777893 2782019.413037862
0.1810815470298125 2781754.1489291084
0.18443490901184606 2781515.032548809
0.18778827099387962 2781297.8040076946
0.1911416329759132 2781099.0645249207
0.19449499495794675 2780916.0717778327
0.19784835693998032 2780746.5902625197
0.20120171892201388 2780588.78032446
0.20455508090404745 2780441.114800121
0.207908442886081 2780302.3156367713
0.21126180486811458 2780171.3051923667
0.21461516685014814 2780047.168421978
0.2179685288321817 2779929.123230776
0.22132189081421527 2779816.4970330945
0.22467525279624884 2779708.7081059394
0.2280286147782824 2779605.2505527134
0.23138197676031597 2779505.6821237747
0.23473533874234953 2779409.6143573048
0.2380887007243831 2779316.704569692
0.24144206270641666 2779226.649072981
0.24479542468845022 2779139.1775461063
0.2481487866704838 2779054.048336381
0.25150214865251735 2778971.0445127045
0.2548555106345509 2778889.9705426223
0.2582088726165845 2778810.649471014
0.26156223459861805 2778732.9205149226
0.2649155965806516 2778656.6369996895
0.2682689585626852 2778581.664588634
0.27162232054471874 2778507.8797450005
0.2749756825267523 2778435.168400519
0.27832904450878587 2778363.424786063
0.28168240649081944 2778292.5504089897
0.285035768472853 2778222.4531498887
0.28838913045488657 2778153.0463939263
0.29174249243692013 2778084.2482351335
0.2950958544189537 2778015.9808302876
0.29844921640098726 2777948.1697999677
0.3018025783830208 2777880.743691608
0.3051559403650544 2777813.6334710764
0.30850930234708795 2777746.772052724
0.3118626643291215 2777680.0938552916
0.3152160263111551 2777613.5343748797
0.31856938829318865 2777547.0297880555
0.3219227502752222 2777480.549889303
0.3252761122572558 2777414.095142185
0.32862947423928934 2777347.666005021
0.3319828362213229 2777281.262919554
0.3353361982033565 2777214.886312638
0.33868956018539004 2777148.5365984486
0.3420429221674236 2777082.2141739535
0.34539628414945717 2777015.9194226502
0.34874964613149073 2776949.652712761
0.3521030081135243 2776883.4143973263
0.35545637009555786 2776817.204816936
0.3588097320775914 2776751.024294892
0.362163094059625 2776684.873136964
0.36551645604165856 2776618.751637678
0.3688698180236921 2776552.6600736007
0.3722231800057257 2776486.5987092964
0.37557654198775925 2776420.567793656
0.3789299039697928 2776354.567561141
0.3822832659518264 2776288.598231979
