0.0 293.0
0.0033533619820335647 293.76702151672
0.0067067239640671295 294.54075224197516
0.010060085946100694 295.3219387524645
0.013413447928134259 296.11136733490923
0.016766809910167824 296.90986173873165
0.02012017189220139 297.71829820780783
0.023473533874234953 298.5375862395484
0.026826895856268518 299.368700181723
0.030180257838302083 300.21267205615527
0.03353361982033565 301.07061447544277
0.03688698180236921 301.9436980966947
0.04024034378440278 302.83316811153
0.04359370576643634 303.74037253579604
0.046947067748469906 304.66676587712095
0.05030042973050347 305.61393481619626
0.053653791712537036 306.58360947576244
0.0570071536945706 307.5776885956132
0.060360515676604165 308.59820628118433
0.06371387765863773 309.6474182797266
0.0670672396406713 310.7277951663193
0.07042060162270486 311.8418965941118
0.07377396360473842 312.99232498167214
0.07712732558677199 314.1820413010511
0.08048068756880555 315.41438093314173
0.08383404955083912 316.6931831155607
0.08718741153287268 318.0227197370776
0.09054077351490625 319.4078433783208
0.09389413549693981 320.8540527155352
0.09724749747897338 322.3676899573542
0.10060085946100694 323.95575657601023
0.1039542214430405 325.6255176682571
0.10730758342507407 327.37578579820865
0.11066094540710764 329.19417787485287
0.1140143073891412 331.06680964705197
0.11736766937117477 332.9784948437069
0.12072103135320833 334.9130676582549
0.1240743933352419 336.85377840739807
0.12742775531727546 338.78379082095853
0.13078111729930902 340.69007871325454
0.1341344792813426 342.5562059147903
0.13748784126337615 344.3665787406102
0.14084120324540972 346.10718785180956
0.14419456522744328 347.7658311464646
0.14754792720947685 349.33231541511293
0.1509012891915104 350.79855041436576
0.15425465117354398 352.1578897468947
0.15760801315557754 353.4062176419077
0.1609613751376111 354.5515360908716
0.16431473711964467 355.60475052705175
0.16766809910167824 356.5753414163011
0.1710214610837118 357.4715778703766
0.17437482306574537 358.30173584559844
0.17772818504777893 359.0729633237745
0.1810815470298125 359.7912919208278
0.18443490901184606 360.46182091437004
0.18778827099387962 361.0888966457162
0.1911416329759132 361.67623441307785
0.19449499495794675 362.2270450626121
0.19784835693998032 362.74407533307254
0.20120171892201388 363.22974174441447
0.20455508090404745 363.6861486880999
0.207908442886081 364.1151323593902
0.21126180486811458 364.5182963921016
0.21461516685014814 364.8970451235095
0.2179685288321817 365.25260603394037
0.22132189081421527 365.58611803971985
0.22467525279624884 365.8988846339231
0.2280286147782824 366.1921129388603
0.23138197676031597 366.46688889400485
0.23473533874234953 366.7247021824372
0.2380887007243831 366.9680850494377
0.24144206270641666 367.1992590434765
0.24479542468845022 367.4201576235057
0.2481487866704838 367.63249064549655
0.25150214865251735 367.83779532312764
0.2548555106345509 368.0374720622743
0.2582088726165845 368.2328159780083
0.26156223459861805 368.42504100829854
0.2649155965806516 368.6153007398976
0.2682689585626852 368.80470873155247
0.27162232054471874 368.9943560116512
0.2749756825267523 369.185330874165
0.27832904450878587 369.3787369699164
0.28168240649081944 369.5757168972264
0.285035768472853 369.77747992945507
0.28838913045488657 369.9846120039406
0.29174249243692013 370.1970211320236
0.2950958544189537 370.41461074622015
0.29844921640098726 370.63728873190206
0.3018025783830208 370.8649809799172
0.3051559403650544 371.0976235607637
0.30850930234708795 371.3351673734759
0.3118626643291215 371.5775683022914
0.3152160263111551 371.82479509306796
0.31856938829318865 372.0768272918632
0.3219227502752222 372.33365711400586
0.3252761122572558 372.59512242220046
0.32862947423928934 372.8611315300736
0.3319828362213229 373.13151794417695
0.3353361982033565 373.40611814783495
0.33868956018539004 373.6847643243261
0.3420429221674236 373.9672911567509
0.34539628414945717 374.25353517681816
0.34874964613149073 374.54333528462513
0.3521030081135243 374.8365257525564
0.35545637009555786 375.13294545426334
0.3588097320775914 375.4324345723853
0.362163094059625 375.7348305580457
0.36551645604165856 376.0399733379816
0.3688698180236921 376.3477037612159
0.3722231800057257 376.6578651506862
0.37557654198775925 376.97029648205535
0.3789299039697928 377.28484074547504
0.3822832659518264 377.6013414467701
