0.0 2090571.972775853
0.0033533619820335647 2089406.5005244922
0.0067067239640671295 2088241.0282731317
0.010060085946100694 2087075.556021771
0.013413447928134259 2085910.0837704102
0.016766809910167824 2084744.6115190496
0.02012017189220139 2083579.1392676888
0.023473533874234953 2082413.6670163283
0.026826895856268518 2081248.1947649675
0.030180257838302083 2080082.7225136068
0.03353361982033565 2078917.2502622462
0.03688698180236921 2077751.7780108855
0.04024034378440278 2076586.3057595247
0.04359370576643634 2075420.8335081642
0.046947067748469906 2074255.3612568034
0.05030042973050347 2073089.8890054428
0.053653791712537036 2071924.416754082
0.0570071536945706 2070758.9445027213
0.060360515676604165 2069593.4722513608
0.06371387765863773 2079821.785327732
0.0670672396406713 2079813.7983965427
0.07042060162270486 2079789.085381878
0.07377396360473842 2079747.4857318234
0.07712732558677199 2079688.7343831633
0.08048068756880555 2079612.4544016155
0.08383404955083912 2079518.1518813139
0.08718741153287268 2079405.209181406
0.09054077351490625 2079272.8763421392
0.09389413549693981 2079120.2604769843
0.09724749747897338 2078946.3128837582
0.10060085946100694 2078749.8135550045
0.1039542214430405 2078529.3526926576
0.10730758342507407 2078283.308741607
0.11066094540710764 2078009.8223464186
0.1140143073891412 2077706.7655003043
0.11736766937117477 2077371.7049881767
0.12072103135320833 2077001.8590178902
0.1240743933352419 2076594.0456734537
0.12742775531727546 2076144.62149662
0.13078111729930902 2075649.4080882813
0.1341344792813426 2075103.6040925016
0.13748784126337615 2074501.6792481071
0.14084120324540972 2073837.2463177552
0.14419456522744328 2073102.9055677806
0.14754792720947685 2072290.0549845155
0.1509012891915104 2071388.6574521305
0.15425465117354398 2070386.953511889
0.15760801315557754 2069271.1048329647
0.1609613751376111 2068024.7488081506
0.16431473711964467 2066628.4382526265
0.16766809910167824 2065058.9313148085
0.1710214610837118 2063288.2843515365
0.17437482306574537 2061282.6831009437
0.17772818504777893 2059000.9226176403
0.1810815470298125 2056392.4104364447
0.18443490901184606 2053394.514526884
0.18778827099387962 2049928.998545575
0.1911416329759132 2045897.1665589851
0.19449499495794675 2041173.1524208842
0.19784835693998032 2035594.491593997
0.20120171892201388 2028948.627531311
0.20455508090404745 2020953.1870466524
0.207908442886081 2011226.4326342943
0.21126180486811458 1999241.7041760846
0.21461516685014814 1984254.693754916
0.2179685288321817 1965295.1381669221
0.22132189081421527 1941491.312153705
0.22467525279624884 1911168.439790642
0.2280286147782824 1871665.9065274906
0.23138197676031597 1821306.8489283225
0.23473533874234953 1764032.0316075557
0.2380887007243831 1700064.5789268704
0.24144206270641666 1629546.6438157482
0.24479542468845022 1552836.9072665307
0.2481487866704838 1470514.8907146584
0.25150214865251735 1383369.2521635778
0.2548555106345509 1292356.1053615785
0.2582088726165845 1202934.1262499886
0.26156223459861805 1160669.9260158807
0.2649155965806516 1121591.5620269293
0.2682689585626852 1083948.318485054
0.27162232054471874 1047658.8034629126
0.2749756825267523 1012595.7524429436
0.27832904450878587 978590.2029251868
0.28168240649081944 945437.8263547954
0.285035768472853 915750.2873422902
0.28838913045488657 890874.1086595517
0.29174249243692013 869463.4806485228
0.2950958544189537 850685.2975910216
0.29844921640098726 833966.7880003698
0.3018025783830208 818920.9831089249
0.3051559403650544 805259.8004982607
0.30850930234708795 792789.1432836513
0.3118626643291215 781338.1172559157
0.3152160263111551 770778.4585505209
0.31856938829318865 761001.2274322629
0.3219227502752222 751933.4775124714
0.3252761122572558 743498.9222907682
0.32862947423928934 735638.5638241969
0.3319828362213229 728298.0800538817
0.3353361982033565 721443.3191168426
0.33868956018539004 715032.7078069106
0.3420429221674236 709034.0510553331
0.34539628414945717 703415.947278389
0.34874964613149073 698160.345930929
0.3521030081135243 693241.9222254482
0.35545637009555786 688638.6399772034
0.3588097320775914 684338.7534076783
0.362163094059625 680324.044077219
0.36551645604165856 676580.7656379573
0.3688698180236921 673094.5996440402
0.3722231800057257 669858.667236123
0.37557654198775925 666860.9060634248
0.3789299039697928 664092.4302582025
0.3822832659518264 661543.8142717336
