0.0 2913.0173530733987
0.0033533619820335647 2912.811732172405
0.0067067239640671295 2912.606011070234
0.010060085946100694 2912.400189662094
0.013413447928134259 2912.1942678430223
0.016766809910167824 2911.9882455078887
0.02012017189220139 2911.782122551394
0.023473533874234953 2911.5758988680705
0.026826895856268518 2911.369574352279
0.030180257838302083 2911.163148898213
0.03353361982033565 2910.9566223998927
0.03688698180236921 2910.74999475117
0.04024034378440278 2910.543265845723
0.04359370576643634 2910.336435577062
0.046947067748469906 2910.129503838521
0.05030042973050347 2909.9224705232655
0.053653791712537036 2909.715335524287
0.0570071536945706 2909.5080987344027
0.060360515676604165 2909.3007600462583
0.06371387765863773 2911.1169185334024
0.0670672396406713 2911.115503405119
0.07042060162270486 2911.1111247113104
0.07377396360473842 2911.1037539122017
0.07712732558677199 2911.0933438844027
0.08048068756880555 2911.0798276117926
0.08383404955083912 2911.0631172743483
0.08718741153287268 2911.0431030396967
0.09054077351490625 2911.0196515290254
0.09389413549693981 2910.9926039207685
0.09724749747897338 2910.9617736457735
0.10060085946100694 2910.9269436163713
0.1039542214430405 2910.887862918148
0.10730758342507407 2910.8442428768612
0.11066094540710764 2910.7957523929476
0.1140143073891412 2910.742012411529
0.11736766937117477 2910.682589365446
0.12072103135320833 2910.6169873910285
0.1240743933352419 2910.544639068862
0.12742775531727546 2910.464894382043
0.13078111729930902 2910.3770075084803
0.1341344792813426 2910.2801209669387
0.13748784126337615 2910.173246511974
0.14084120324540972 2910.0552420118274
0.14419456522744328 2909.9247833335567
0.14754792720947685 2909.780329984354
0.1509012891915104 2909.620082894065
0.15425465117354398 2909.4419322387407
0.15760801315557754 2909.2433925528508
0.1609613751376111 2909.02152149276
0.16431473711964467 2908.7728174014305
0.16766809910167824 2908.493089145071
0.1710214610837118 2908.177289340528
0.17437482306574537 2907.819298757487
0.17772818504777893 2907.411644887672
0.1810815470298125 2906.945130686819
0.18443490901184606 2906.408339145012
0.18778827099387962 2905.786963735324
0.1911416329759132 2905.062890796676
0.19449499495794675 2904.2129222004464
0.19784835693998032 2903.2069659179865
0.20120171892201388 2902.0054215077325
0.20455508090404745 2900.5553154546787
0.207908442886081 2898.784435685981
0.21126180486811458 2896.5921473325907
0.21461516685014814 2893.8344615955943
0.2179685288321817 2890.319623649297
0.22132189081421527 2885.86454854897
0.22467525279624884 2880.119766224792
0.2280286147782824 2872.5152499619903
0.23138197676031597 2862.6148470459666
0.23473533874234953 2851.0599258560624
0.2380887007243831 2837.760848680598
0.24144206270641666 2822.583551516275
0.24479542468845022 2805.407798312624
0.2481487866704838 2786.13051287099
0.25150214865251735 2764.6680639238384
0.2548555106345509 2740.953483043967
0.2582088726165845 2716.1876440141664
0.26156223459861805 2703.9179750659378
0.2649155965806516 2692.2208947390636
0.2682689585626852 2680.611794699808
0.27162232054471874 2669.0818872236314
0.2749756825267523 2657.6054020590595
0.27832904450878587 2646.1385636387554
0.28168240649081944 2634.6193338683447
0.285035768472853 2624.000579620486
0.28838913045488657 2614.868662104382
0.29174249243692013 2606.8288140938666
0.2950958544189537 2599.633845441181
0.29844921640098726 2593.110356833273
0.3018025783830208 2587.141154180708
0.3051559403650544 2581.6377225639867
0.30850930234708795 2576.5422315021424
0.3118626643291215 2571.8013266967514
0.3152160263111551 2567.3753685514425
0.31856938829318865 2563.22988119419
0.3219227502752222 2559.3434206570287
0.3252761122572558 2555.691425919542
0.32862947423928934 2552.2553258190687
0.3319828362213229 2549.0174056270407
0.3353361982033565 2545.967899521177
0.33868956018539004 2543.0929967453617
0.3420429221674236 2540.382377427664
0.34539628414945717 2537.825493476279
0.34874964613149073 2535.4173911085286
0.3521030081135243 2533.149397636701
0.35545637009555786 2531.013954567492
0.3588097320775914 2529.0079633724795
0.362163094059625 2527.125051069283
0.36551645604165856 2525.360677492917
0.3688698180236921 2523.7098080092915
0.3722231800057257 2522.170739513938
0.37557654198775925 2520.739144222309
0.3789299039697928 2519.4120440725187
0.3822832659518264 2518.1860575639425
