0.0 0.0
0.0033533619820335647 0.03121130881069363
0.0067067239640671295 0.0441463922701373
0.010060085946100694 0.0540765678033892
0.013413447928134259 0.06245206346259976
0.016766809910167824 0.06983451736826665
0.02012017189220139 0.07651192503257433
0.023473533874234953 0.08265534181917314
0.026826895856268518 0.08837620226405976
0.030180257838302083 0.0937518970100659
0.03353361982033565 0.09883876499793086
0.03688698180236921 0.10367933103499168
0.04024034378440278 0.10830662760967841
0.04359370576643634 0.11274691972338585
0.046947067748469906 0.11702149970754476
0.05030042973050347 0.12114791284500469
0.053653791712537036 0.1251408199971509
0.0570071536945706 0.12901262057428178
0.060360515676604165 0.13277391252322232
0.06371387765863773 0.09491420025943662
0.0670672396406713 0.09494955493448545
0.07042060162270486 0.09505886639497886
0.07377396360473842 0.09524259136358014
0.07712732558677199 0.09550147180150984
0.08048068756880555 0.09583655880770954
0.08383404955083912 0.09624922268554492
0.08718741153287268 0.09674116619918366
0.09054077351490625 0.09731444125382593
0.09389413549693981 0.09797146929922598
0.09724749747897338 0.09871506582984224
0.10060085946100694 0.09954846943987174
0.1039542214430405 0.10047537599021954
0.10730758342507407 0.1014999785606446
0.11066094540710764 0.1026270139981828
0.1140143073891412 0.10386181703788236
0.11736766937117477 0.10521038317058616
0.12072103135320833 0.1066794416734902
0.1240743933352419 0.10827654051331273
0.12742775531727546 0.11001014519300063
0.13078111729930902 0.11188975405888527
0.1341344792813426 0.11392603313935443
0.13748784126337615 0.1161309742788739
0.14084120324540972 0.11851808120274175
0.14419456522744328 0.12110258925167301
0.14754792720947685 0.12390172593271695
0.1509012891915104 0.12693502124083872
0.15425465117354398 0.1302246790457626
0.15760801315557754 0.13379602389334921
0.1609613751376111 0.13767804159352803
0.16431473711964467 0.14190403731516363
0.16766809910167824 0.14651244209277453
0.1710214610837118 0.1515478084096044
0.17437482306574537 0.1570620489415388
0.17772818504777893 0.16311599124709583
0.1810815470298125 0.1697813476324854
0.18443490901184606 0.17714323742324017
0.18778827099387962 0.1853034544775792
0.1911416329759132 0.19438475578329806
0.19449499495794675 0.2045365737241447
0.19784835693998032 0.2159427531435277
0.20120171892201388 0.22883223456451512
0.20455508090404745 0.24349413911695608
0.207908442886081 0.26029963746913465
0.21126180486811458 0.2797346689104233
0.21461516685014814 0.3024508101980825
0.2179685288321817 0.32919469726184813
0.22132189081421527 0.36033291444269117
0.22467525279624884 0.39701901409847307
0.2280286147782824 0.44110519779743884
0.23138197676031597 0.4929230928132451
0.23473533874234953 0.5476184531650472
0.2380887007243831 0.6049488896614371
0.24144206270641666 0.6649309527859677
0.24479542468845022 0.7275485452534171
0.2481487866704838 0.7927607180209705
0.25150214865251735 0.8605097516325724
0.2548555106345509 0.930740410128937
0.2582088726165845 1.0
0.26156223459861805 1.0330329482002918
0.2649155965806516 1.063837427720645
0.2682689585626852 1.0938073885426751
0.27162232054471874 1.1230292913384388
0.2749756825267523 1.1516219068327465
0.27832904450878587 1.1797372647718154
0.28168240649081944 1.2075599272838282
0.285035768472853 1.2328610163725744
0.28838913045488657 1.2543711956501298
0.29174249243692013 1.2731300477042422
0.2950958544189537 1.2897826682254123
0.29844921640098726 1.3047759062883553
0.3018025783830208 1.318411000832114
0.3051559403650544 1.3309134527832303
0.30850930234708795 1.3424323401938607
0.3118626643291215 1.353102080822063
0.3152160263111551 1.3630227958257046
0.31856938829318865 1.3722805439808903
0.3219227502752222 1.3809304390148254
0.3252761122572558 1.3890331675630025
0.32862947423928934 1.3966349614064943
0.3319828362213229 1.40377925243468
0.3353361982033565 1.4104912244703096
0.33868956018539004 1.416804415978136
0.3420429221674236 1.4227441921368233
0.34539628414945717 1.4283360088325816
0.34874964613149073 1.4335927560661978
0.3521030081135243 1.4385351793922454
0.35545637009555786 1.4431813332724615
0.3588097320775914 1.447539364565469
0.362163094059625 1.4516243697355113
0.36551645604165856 1.4554473041682647
0.3688698180236921 1.4590200564468545
0.3722231800057257 1.4623471888553778
0.37557654198775925 1.4654388417504767
0.3789299039697928 1.4683021428099485
0.3822832659518264 1.4709450064716856
