0.0 3983.0123238420683
0.0033533619820335647 4027.4569585406043
0.0067067239640671295 4076.0644972004743
0.010060085946100694 4129.080714306954
0.013413447928134259 4186.742941487339
0.016766809910167824 4249.370839186998
0.02012017189220139 4317.187112987411
0.023473533874234953 4390.584706533052
0.026826895856268518 4469.924143630867
0.030180257838302083 4555.692954792235
0.03353361982033565 4648.26576940588
0.03688698180236921 4748.111073833792
0.04024034378440278 4855.85603102735
0.04359370576643634 4972.1571211446
0.046947067748469906 5097.819368129781
0.05030042973050347 5233.721348760514
0.053653791712537036 5380.916272528718
0.0570071536945706 5540.309477251069
0.060360515676604165 5713.266012030153
0.06371387765863773 5901.139764770809
0.0670672396406713 6104.62313893244
0.07042060162270486 6324.172287298115
0.07377396360473842 6562.000956621452
0.07712732558677199 6820.461136194242
0.08048068756880555 7102.669510601304
0.08383404955083912 7411.412068967452
0.08718741153287268 7750.368699619437
0.09054077351490625 8123.673404746856
0.09389413549693981 8536.71382394797
0.09724749747897338 8994.012308842373
0.10060085946100694 9497.931285099723
0.1039542214430405 10001.125473372738
0.10730758342507407 10439.416730985631
0.11066094540710764 10802.947857695848
0.1140143073891412 11082.680686187668
0.11736766937117477 11271.18188208234
0.12072103135320833 11363.29814790601
0.1240743933352419 11356.719936483883
0.12742775531727546 11271.938384949604
0.13078111729930902 11087.138139685014
0.1341344792813426 10805.507398659924
0.13748784126337615 10434.950810012431
0.14084120324540972 9985.103684509051
0.14419456522744328 9467.227259076939
0.14754792720947685 8893.514880520743
0.1509012891915104 8272.676641185524
0.15425465117354398 7620.302760613259
0.15760801315557754 7010.929707414688
0.1609613751376111 6463.463220983051
0.16431473711964467 5970.228585795176
0.16766809910167824 5524.616504579903
0.1710214610837118 5127.350516581238
0.17437482306574537 4772.042925015336
0.17772818504777893 4452.243376689157
0.1810815470298125 4162.532595289073
0.18443490901184606 3898.5217346710015
0.18778827099387962 3656.516670216409
0.1911416329759132 3433.5585356047814
0.19449499495794675 3226.899446318531
0.19784835693998032 3034.6059588111466
0.20120171892201388 2854.8350593072155
0.20455508090404745 2685.9991862253114
0.207908442886081 2526.718173531789
0.21126180486811458 2375.807478604911
0.21461516685014814 2232.212799441987
0.2179685288321817 2095.4257209746343
0.22132189081421527 1966.5236391574808
0.22467525279624884 1844.9422543088945
0.2280286147782824 1729.955491164214
0.23138197676031597 1624.1386896399983
0.23473533874234953 1534.0981974407389
0.2380887007243831 1457.9198088805058
0.24144206270641666 1393.8221939144803
0.24479542468845022 1340.4231532780236
0.2481487866704838 1296.6564513628537
0.25150214865251735 1261.6779038363286
0.2548555106345509 1234.8392538916828
0.2582088726165845 1215.642292524008
0.26156223459861805 1203.7187669678121
0.2649155965806516 1198.8277829535018
0.2682689585626852 1200.8384404984747
0.27162232054471874 1209.7448459027282
0.2749756825267523 1225.655785638328
0.27832904450878587 1248.8300448990549
0.28168240649081944 1279.703208171046
0.285035768472853 1314.3340013616803
0.28838913045488657 1348.4264540090614
0.29174249243692013 1381.951579974822
0.2950958544189537 1414.9376444251998
0.29844921640098726 1447.4990681106954
0.3018025783830208 1479.7007140292224
0.3051559403650544 1511.6371396644618
0.30850930234708795 1543.34042915098
0.3118626643291215 1574.8928894016606
0.3152160263111551 1606.3639350401809
0.31856938829318865 1637.8350621985044
0.3219227502752222 1668.3222214248217
0.3252761122572558 1698.2737684918277
0.32862947423928934 1727.2113510010806
0.3319828362213229 1755.1523260913596
0.3353361982033565 1782.067466851179
0.33868956018539004 1807.9708814131266
0.3420429221674236 1832.8724619507263
0.34539628414945717 1856.7853778335912
0.34874964613149073 1879.6779081755647
0.3521030081135243 1901.5773639183883
0.35545637009555786 1922.4899429865143
0.3588097320775914 1942.3961423078354
0.362163094059625 1961.3097117802984
0.36551645604165856 1979.234230783851
0.3688698180236921 1996.183223585216
0.3722231800057257 2012.1262803756633
0.37557654198775925 2027.0867325895363
0.3789299039697928 2041.0653848576824
0.3822832659518264 2054.064899597379
