0.0 49.78765404802585
0.0033533619820335647 50.34321198175755
0.0067067239640671295 50.950806215005926
0.010060085946100694 51.61350892883692
0.013413447928134259 52.334286768591724
0.016766809910167824 53.117135489837466
0.02012017189220139 53.964838912342636
0.023473533874234953 54.88230883166315
0.026826895856268518 55.874051795385824
0.030180257838302083 56.946161934902925
0.03353361982033565 58.1033221175735
0.03688698180236921 59.3513884229224
0.04024034378440278 60.69820038784188
0.04359370576643634 62.1519640143075
0.046947067748469906 63.72274210162226
0.05030042973050347 65.42151685950644
0.053653791712537036 67.26145340660896
0.0570071536945706 69.25386846563838
0.060360515676604165 71.41582515037692
0.06371387765863773 73.76424705963511
0.0670672396406713 76.3077892366555
0.07042060162270486 79.05215359122644
0.07377396360473842 82.02501195776816
0.07712732558677199 85.25576420242801
0.08048068756880555 88.7833688825163
0.08383404955083912 92.64265086209315
0.08718741153287268 96.87960874524296
0.09054077351490625 101.5459175593357
0.09389413549693981 106.70892279934962
0.09724749747897338 112.42515386052966
0.10060085946100694 118.72414106374653
0.1039542214430405 125.01406841715922
0.10730758342507407 130.4927091373204
0.11066094540710764 135.0368482211981
0.1140143073891412 138.53350857734586
0.11736766937117477 140.88977352602924
0.12072103135320833 142.04122684882515
0.1240743933352419 141.95899920604853
0.12742775531727546 140.89922981187004
0.13078111729930902 138.58922674606268
0.1341344792813426 135.06884248324906
0.13748784126337615 130.43688512515538
0.14084120324540972 124.81379605636315
0.14419456522744328 118.34034073846172
0.14754792720947685 111.16893600650928
0.1509012891915104 103.40845801481905
0.15425465117354398 95.25378450766574
0.15760801315557754 87.6366213426836
0.1609613751376111 80.79329026228812
0.16431473711964467 74.6278573224397
0.16766809910167824 69.0577063072488
0.1710214610837118 64.09188145726547
0.17437482306574537 59.6505365626917
0.17772818504777893 55.65304220861447
0.1810815470298125 52.0316574411134
0.18443490901184606 48.73152168338752
0.18778827099387962 45.706458377705104
0.1911416329759132 42.919481695059766
0.19449499495794675 40.33624307898164
0.19784835693998032 37.932574485139334
0.20120171892201388 35.685438241340194
0.20455508090404745 33.57498982781639
0.207908442886081 31.58397716914736
0.21126180486811458 29.697593482561384
0.21461516685014814 27.90265999302484
0.2179685288321817 26.192821512182928
0.22132189081421527 24.581545489468514
0.22467525279624884 23.061778178861182
0.2280286147782824 21.624443639552673
0.23138197676031597 20.30173362049998
0.23473533874234953 19.176227468009237
0.2380887007243831 18.223997611006325
0.24144206270641666 17.422777423931006
0.24479542468845022 16.755289415975295
0.2481487866704838 16.20820564203567
0.25150214865251735 15.770973797954108
0.2548555106345509 15.435490673646036
0.2582088726165845 15.195528656550103
0.26156223459861805 15.046484587097652
0.2649155965806516 14.985347286918776
0.2682689585626852 15.010480506230936
0.27162232054471874 15.121810573784103
0.2749756825267523 15.3206973204791
0.27832904450878587 15.610375561238186
0.28168240649081944 15.996290102138076
0.285035768472853 16.429175017021006
0.28838913045488657 16.85533067511327
0.29174249243692013 17.274394749685275
0.2950958544189537 17.686720555315
0.29844921640098726 18.093738351383696
0.3018025783830208 18.496258925365275
0.3051559403650544 18.895464245805773
0.30850930234708795 19.29175536438725
0.3118626643291215 19.686161117520754
0.3152160263111551 20.07954918800226
0.31856938829318865 20.472938277481305
0.3219227502752222 20.85402776781027
0.3252761122572558 21.22842210614785
0.32862947423928934 21.590141887513507
0.3319828362213229 21.939404076141994
0.3353361982033565 22.27584333563974
0.33868956018539004 22.59963601766408
0.3420429221674236 22.910905774384076
0.34539628414945717 23.20981722291989
0.34874964613149073 23.495973852194556
0.3521030081135243 23.769717048979853
0.35545637009555786 24.03112428733143
0.3588097320775914 24.27995177884794
0.362163094059625 24.51637139725373
0.36551645604165856 24.740427884798137
0.3688698180236921 24.9522902948152
0.3722231800057257 25.151578504695788
0.37557654198775925 25.3385841573692
0.3789299039697928 25.51331731072103
0.3822832659518264 25.67581124496723
