0.0 454.17262833649374
0.0033533619820335647 455.2296993663474
0.0067067239640671295 456.36328549561335
0.010060085946100694 457.574010589277
0.013413447928134259 458.8663441109498
0.016766809910167824 460.23828991615244
0.02012017189220139 461.69281386449836
0.023473533874234953 463.22381071046556
0.026826895856268518 464.84162016081075
0.030180257838302083 466.54389641886166
0.03353361982033565 468.32907730464404
0.03688698180236921 470.1899437546811
0.04024034378440278 472.1728234324589
0.04359370576643634 474.2478009903514
0.046947067748469906 476.4252241808748
0.05030042973050347 478.69803588464276
0.053653791712537036 481.06471783718735
0.0570071536945706 483.52957434200454
0.060360515676604165 486.08386594139336
0.06371387765863773 488.7554103895384
0.0670672396406713 491.5286701235522
0.07042060162270486 494.3363999969006
0.07377396360473842 497.12529468740024
0.07712732558677199 499.86366145711963
0.08048068756880555 502.46608779073574
0.08383404955083912 504.9267013421063
0.08718741153287268 507.2966697466252
0.09054077351490625 509.6405658575163
0.09389413549693981 511.99489261779445
0.09724749747897338 514.673778246351
0.10060085946100694 518.5316562627045
0.1039542214430405 522.0636608977893
0.10730758342507407 524.8878954495506
0.11066094540710764 527.066572554244
0.1140143073891412 528.6327325400289
0.11736766937117477 529.6224105041047
0.12072103135320833 530.067187762204
0.1240743933352419 529.985595618263
0.12742775531727546 529.7275529113713
0.13078111729930902 528.9112894175441
0.1341344792813426 527.4979375404056
0.13748784126337615 525.4939757434618
0.14084120324540972 522.8925672474858
0.14419456522744328 519.6841703713844
0.14754792720947685 515.8466018932738
0.1509012891915104 512.2055453699182
0.15425465117354398 508.7086436607821
0.15760801315557754 504.9195218844626
0.1609613751376111 500.80323616947203
0.16431473711964467 496.2376589291696
0.16766809910167824 491.4915359698514
0.1710214610837118 486.8273146715105
0.17437482306574537 482.352371630629
0.17772818504777893 477.9993225698846
0.1810815470298125 473.78599147272
0.18443490901184606 469.70083612277904
0.18778827099387962 465.7721914443432
0.1911416329759132 461.9439174415262
0.19449499495794675 458.2032417849865
0.19784835693998032 454.55272254719046
0.20120171892201388 450.9808294843673
0.20455508090404745 447.47932426121315
0.207908442886081 444.04588979921385
0.21126180486811458 440.6623975989668
0.21461516685014814 437.3242659543723
0.2179685288321817 434.0366269136709
0.22132189081421527 430.8510235437584
0.22467525279624884 427.76056364079784
0.2280286147782824 424.7641030784917
0.23138197676031597 421.9570960957649
0.23473533874234953 419.56749034841965
0.2380887007243831 417.5573817801255
0.24144206270641666 415.87781201967954
0.24479542468845022 414.5081074572306
0.2481487866704838 413.4149172996514
0.25150214865251735 412.5884271767801
0.2548555106345509 412.0068313086248
0.2582088726165845 411.65954076657636
0.26156223459861805 411.54611406014305
0.2649155965806516 411.65774041149
0.2682689585626852 411.99826583937227
0.27162232054471874 412.559146671764
0.2749756825267523 413.35469739166103
0.27832904450878587 414.39252462043464
0.28168240649081944 415.68639791299665
0.285035768472853 417.10570269580137
0.28838913045488657 418.49886451537554
0.29174249243692013 419.8682141603887
0.2950958544189537 421.2214554826288
0.29844921640098726 422.5445840501208
0.3018025783830208 423.85479326041275
0.3051559403650544 425.1526171956466
0.30850930234708795 426.42960924991326
0.3118626643291215 427.6986044255283
0.3152160263111551 428.9563983315511
0.31856938829318865 430.20788045402094
0.3219227502752222 431.4218836211437
0.3252761122572558 432.6213173632173
0.32862947423928934 433.7850617348534
0.3319828362213229 434.9162873832852
0.3353361982033565 436.01217115878353
0.33868956018539004 437.0800957519366
0.3420429221674236 438.11144335482373
0.34539628414945717 439.11080383548733
0.34874964613149073 440.08342565921964
0.3521030081135243 441.0180675495395
0.35545637009555786 441.92457656816725
0.3588097320775914 442.798227575239
0.362163094059625 443.64076950289086
0.36551645604165856 444.45048604435914
0.3688698180236921 445.22592142653053
0.3722231800057257 445.9789189897209
0.37557654198775925 446.69798640040364
0.3789299039697928 447.3840433045374
0.3822832659518264 448.0440164629747
