0.0 639.762667249143
0.0033533619820335647 641.3566988658608
0.0067067239640671295 643.0749305879452
0.010060085946100694 644.9201710498614
0.013413447928134259 646.8977421820092
0.016766809910167824 649.0091614705582
0.02012017189220139 651.2577544947395
0.023473533874234953 653.6424873255354
0.026826895856268518 656.1738711656125
0.030180257838302083 658.8544021414865
0.03353361982033565 661.6848503071374
0.03688698180236921 664.70716718557
0.04024034378440278 667.9376737127095
0.04359370576643634 671.3411581307026
0.046947067748469906 674.9288883950682
0.05030042973050347 678.6997539780397
0.053653791712537036 682.6647651547304
0.0570071536945706 686.8317006876879
0.060360515676604165 691.2035417344464
0.06371387765863773 695.8096247702528
0.0670672396406713 700.6503593361714
0.07042060162270486 705.6848468667959
0.07377396360473842 710.8892340242977
0.07712732558677199 716.2558434528951
0.08048068756880555 721.7430114262603
0.08383404955083912 727.3630988158588
0.08718741153287268 733.1790411184484
0.09054077351490625 739.2648394943886
0.09389413549693981 745.682180870498
0.09724749747897338 752.6867070716992
0.10060085946100694 760.9103192675032
0.1039542214430405 768.7635428070865
0.10730758342507407 775.4019289461307
0.11066094540710764 780.8495678833312
0.1140143073891412 785.1321335823908
0.11736766937117477 788.2579316598154
0.12072103135320833 790.2035794185005
0.1240743933352419 791.0360633531976
0.12742775531727546 791.4324654259271
0.13078111729930902 790.6268190033265
0.1341344792813426 788.5267636548957
0.13748784126337615 785.1193011826749
0.14084120324540972 780.4395540088221
0.14419456522744328 774.4979741653775
0.14754792720947685 767.2697199650843
0.1509012891915104 759.3593179120132
0.15425465117354398 750.7816549736117
0.15760801315557754 741.9866577199604
0.1609613751376111 733.2369241921843
0.16431473711964467 724.43109481033
0.16766809910167824 715.758792446205
0.1710214610837118 707.5080187937676
0.17437482306574537 699.7447491922119
0.17772818504777893 692.3854266525894
0.1810815470298125 685.4123540364569
0.18443490901184606 678.7905233330525
0.18778827099387962 672.5153205115633
0.1911416329759132 666.5314017626497
0.19449499495794675 660.9106398375916
0.19784835693998032 655.5318264683083
0.20120171892201388 650.3729816593365
0.20455508090404745 645.4160177396342
0.207908442886081 640.6484430064722
0.21126180486811458 636.0475567334954
0.21461516685014814 631.6014101529438
0.2179685288321817 627.3059638337775
0.22132189081421527 623.1914934371031
0.22467525279624884 619.2468488408109
0.2280286147782824 615.4656224439517
0.23138197676031597 611.9117804921453
0.23473533874234953 608.7457382007647
0.2380887007243831 605.9362712027895
0.24144206270641666 603.4444926622507
0.24479542468845022 601.2522903765507
0.2481487866704838 599.3326325724844
0.25150214865251735 597.6758014315359
0.2548555106345509 596.2636016227322
0.2582088726165845 595.0861896879446
0.26156223459861805 594.1413164714312
0.2649155965806516 593.4208334667322
0.2682689585626852 592.9260104256783
0.27162232054471874 592.6492457043811
0.2749756825267523 592.5998331095784
0.27832904450878587 592.7823640352302
0.28168240649081944 593.2061515551977
0.285035768472853 593.7743787720552
0.28838913045488657 594.3742994225732
0.29174249243692013 595.0063170413013
0.2950958544189537 595.6749552704324
0.29844921640098726 596.3688210343901
0.3018025783830208 597.0997226422621
0.3051559403650544 597.8672807237202
0.30850930234708795 598.6645577449437
0.3118626643291215 599.5005233897584
0.3152160263111551 600.3723518353834
0.31856938829318865 601.2833286755184
0.3219227502752222 602.1459573437756
0.3252761122572558 603.0448381396712
0.32862947423928934 603.9176943630623
0.3319828362213229 604.766839242779
0.3353361982033565 605.5901154728797
0.33868956018539004 606.3929921108236
0.3420429221674236 607.1689838629297
0.34539628414945717 607.9214774454377
0.34874964613149073 608.6543621082055
0.3521030081135243 609.3591816470981
0.35545637009555786 610.043272501022
0.3588097320775914 610.7030581541679
0.362163094059625 611.3398144161567
0.36551645604165856 611.952219582154
0.3688698180236921 612.5391467078274
0.3722231800057257 613.1094605414971
0.37557654198775925 613.6545016830944
0.3789299039697928 614.1749310054321
0.3822832659518264 614.675930371678
