0.0 2826474.810241452
0.0027800236227605857 2826095.4831273593
0.005560047245521171 2825713.380832245
0.008340070868281757 2825328.2464301256
0.011120094491042343 2824939.8098062337
0.013900118113802928 2824547.776981091
0.016680141736563514 2824151.836860021
0.0194601653593241 2823751.6484200032
0.022240188982084685 2823346.845167234
0.02502021260484527 2822937.032319707
0.027800236227605857 2822521.772517703
0.030580259850366442 2822100.594626417
0.03336028347312703 2821672.9729500255
0.036140307095887614 2821238.331814076
0.0389203307186482 2820796.0390245714
0.041700354341408785 2820345.38117142
0.04448037796416937 2819885.5731314803
0.047260401586929957 2819415.721631488
0.05004042520969054 2818934.8262219112
0.05282044883245113 2818441.7618229045
0.055600472455211714 2817935.2303110664
0.0583804960779723 2817412.6033194847
0.061160519700732885 2816866.6083221915
0.06394054332349347 2816288.128067988
0.06672056694625406 2815665.868144581
0.06950059056901464 2814985.313437547
0.07228061419177523 2814227.4416698804
0.07506063781453581 2813366.3851754935
0.0778406614372964 2812366.275377928
0.08062068506005698 2811175.4454623926
0.08340070868281757 2809717.502430777
0.08618073230557816 2807875.635174427
0.08896075592833874 2805547.5642021433
0.09174077955109933 2802989.1004365254
0.09452080317385991 2800477.991780084
0.0973008267966205 2798117.2303312407
0.10008085041938108 2795985.6907121595
0.10286087404214167 2794130.3863212653
0.10564089766490226 2792565.5566850663
0.10842092128766284 2791278.175991102
0.11120094491042343 2790236.7208590806
0.11398096853318401 2789399.921137599
0.1167609921559446 2788710.4878568263
0.11954101577870518 2788117.632060065
0.12232103940146577 2787586.5850665816
0.12510106302422636 2787091.6567724473
0.12788108664698694 2786622.196719731
0.13066111026974753 2786175.033332327
0.1334411338925081 2785747.530389121
0.1362211575152687 2785337.476537073
0.13900118113802928 2784943.0012336457
0.14178120476078987 2784562.5100873965
0.14456122838355046 2784194.634523899
0.14734125200631104 2783838.192193377
0.15012127562907163 2783492.1556584192
0.1529012992518322 2783155.5661278004
0.1556813228745928 2782827.238961246
0.15846134649735338 2782506.134718867
0.16124137012011397 2782191.3861161782
0.16402139374287455 2781882.2609874676
0.16680141736563514 2781578.134613504
0.16958144098839573 2781278.4686936387
0.1723614646111563 2780982.7951749777
0.1751414882339169 2780690.7036056696
0.17792151185667748 2780401.8311675843
0.18070153547943807 2780115.8546743505
0.18348155910219865 2779832.4841405298
0.18626158272495924 2779551.4575068452
0.18904160634771983 2779272.536311516
0.1918216299704804 2778995.5020644492
0.194601653593241 2778720.153236164
0.19738167721600158 2778446.302661376
0.20016170083876217 2778173.7753511053
0.20294172446152275 2777902.406571579
0.20572174808428334 2777632.0401900006
0.20850177170704393 2777362.52717281
0.2112817953298045 2777093.7242731536
0.2140618189525651 2776825.492808793
0.21684184257532568 2776557.6975582386
0.21962186619808627 2776290.2056966363
0.22240188982084685 2776022.89518583
0.22518191344360744 2775755.7406913624
0.22796193706636803 2775488.7421333552
0.2307419606891286 2775221.899442423
0.2335219843118892 2774955.2125278413
0.23630200793464978 2774688.6812999896
0.23908203155741037 2774422.3056671955
0.24186205518017095 2774156.0855442868
0.24464207880293154 2773890.0208412367
0.24742210242569213 2773624.111481646
0.2502021260484527 2773358.357382464
0.2529821496712133 2773092.7584728035
0.2557621732939739 2772827.314674266
0.25854219691673447 2772562.0259249224
0.26132222053949505 2772296.892217145
0.26410224416225564 2772031.9135531182
