0.0 293.0
0.0027800236227605857 293.4712326601348
0.005560047245521171 293.9486524374818
0.008340070868281757 294.43257517213004
0.011120094491042343 294.92333875919184
0.013900118113802928 295.4212914128561
0.016680141736563514 295.92680606125407
0.0194601653593241 296.4402692976887
0.022240188982084685 296.9620908342369
0.02502021260484527 297.4927062990265
0.027800236227605857 298.03256823556745
0.030580259850366442 298.5821785074269
0.03336028347312703 299.1420416646593
0.036140307095887614 299.7126647331594
0.0389203307186482 300.2946368613228
0.041700354341408785 300.8885800619788
0.04448037796416937 301.49518392685525
0.047260401586929957 302.1151734029338
0.05004042520969054 302.7493527361808
0.05282044883245113 303.3985842141364
0.055600472455211714 304.063796485308
0.0583804960779723 304.7460344771932
0.061160519700732885 305.44643834597224
0.06394054332349347 306.16635547008207
0.06672056694625406 306.9073051662616
0.06950059056901464 307.6709507020131
0.07228061419177523 308.4591956582821
0.07506063781453581 309.27418526318894
0.0778406614372964 310.11851874113034
0.08062068506005698 310.99515907502433
0.08340070868281757 311.9076103794501
0.08618073230557816 312.8601568748429
0.08896075592833874 313.858876806114
0.09174077955109933 314.9062987379724
0.09452080317385991 315.9806970908408
0.0973008267966205 317.0546635536454
0.10008085041938108 318.1220269906776
0.10286087404214167 319.17622754806087
0.10564089766490226 320.21115311840856
0.10842092128766284 321.2212505591915
0.11120094491042343 322.2016036287992
0.11398096853318401 323.1479435949398
0.1167609921559446 324.0566482441027
0.11954101577870518 324.9285227585448
0.12232103940146577 325.7670764160975
0.12510106302422636 326.57530238553517
0.12788108664698694 327.35583203774155
0.13066111026974753 328.1108422398822
0.1334411338925081 328.8422056676521
0.1362211575152687 329.5516478404204
0.13900118113802928 330.24064304739846
0.14178120476078987 330.91051675173446
0.14456122838355046 331.5624621118944
0.14734125200631104 332.19756740261346
0.15012127562907163 332.81681936456215
0.1529012992518322 333.42110146594285
0.1556813228745928 334.01131431544775
0.15846134649735338 334.58880105486395
0.16124137012011397 335.15480968397674
0.16402139374287455 335.71043011230995
0.16680141736563514 336.2566166829722
0.16958144098839573 336.7942170963419
0.1723614646111563 337.32398658147275
0.1751414882339169 337.84660343480624
0.17792151185667748 338.36267991232324
0.18070153547943807 338.8727737625547
0.18348155910219865 339.3773954147664
0.18626158272495924 339.8770132174454
0.18904160634771983 340.3720616920311
0.1918216299704804 340.8629441253249
0.194601653593241 341.3500369391211
0.19738167721600158 341.8336968453009
0.20016170083876217 342.3142563045666
0.20294172446152275 342.7920348305639
0.20572174808428334 343.2673348172959
0.20850177170704393 343.74044670679274
0.2112817953298045 344.2116521986956
0.2140618189525651 344.6812215677563
0.21684184257532568 345.1494206889162
0.21962186619808627 345.6165078427456
0.22240188982084685 346.082738675423
0.22518191344360744 346.54834816757017
0.22796193706636803 347.0133493547222
0.2307419606891286 347.47778958402415
0.2335219843118892 347.94167286268794
0.23630200793464978 348.405002989111
0.23908203155741037 348.86778387239104
0.24186205518017095 349.3300190265214
0.24464207880293154 349.7917121691032
0.24742210242569213 350.25286677736574
0.2502021260484527 350.71348617138494
0.2529821496712133 351.1735744999437
0.2557621732939739 351.63313408506394
0.25854219691673447 352.0921678264496
0.26132222053949505 352.55067844354124
0.26410224416225564 353.0086674561489
