0.0 2076369.5479662018
0.0027800236227605857 2075840.1114351216
0.005560047245521171 2075310.6749040415
0.008340070868281757 2074781.2383729615
0.011120094491042343 2074251.8018418814
0.013900118113802928 2073722.3653108012
0.016680141736563514 2073192.928779721
0.0194601653593241 2072663.4922486409
0.022240188982084685 2072134.055717561
0.02502021260484527 2071604.6191864808
0.027800236227605857 2071075.1826554006
0.030580259850366442 2070545.7461243204
0.03336028347312703 2070016.3095932403
0.036140307095887614 2069486.8730621603
0.0389203307186482 2068957.4365310802
0.041700354341408785 2072524.8104512421
0.04448037796416937 2072527.7741384446
0.047260401586929957 2072511.4187445287
0.05004042520969054 2072487.5487562804
0.05282044883245113 2072445.3345146026
0.055600472455211714 2072394.9832059394
0.0583804960779723 2072329.4409296513
0.061160519700732885 2072244.8681459224
0.06394054332349347 2072149.1724100674
0.06672056694625406 2072029.769369777
0.06950059056901464 2071896.507035654
0.07228061419177523 2071740.3831251573
0.07506063781453581 2071554.490120791
0.0778406614372964 2071343.8224342456
0.08062068506005698 2071102.2381656538
0.08340070868281757 2070822.0000926
0.08618073230557816 2070500.4371202087
0.08896075592833874 2070125.9867039141
0.09174077955109933 2069688.5989226163
0.09452080317385991 2069173.7006642728
0.0973008267966205 2068579.7318417025
0.10008085041938108 2067868.2885441314
0.10286087404214167 2067018.3076676223
0.10564089766490226 2066000.4068148164
0.10842092128766284 2064763.273740958
0.11120094491042343 2063224.9683936192
0.11398096853318401 2061335.045369097
0.1167609921559446 2059070.5565292535
0.11954101577870518 2056350.3772910384
0.12232103940146577 2053075.5121387942
0.12510106302422636 2049092.8125164374
0.12788108664698694 2044214.297367533
0.13066111026974753 2038168.0207225364
0.1334411338925081 2030600.4646189876
0.1362211575152687 2021027.7843582616
0.13900118113802928 2008752.7612930937
0.14178120476078987 1992704.008177433
0.14456122838355046 1971352.418498362
0.14734125200631104 1942275.5028505498
0.15012127562907163 1901301.4228686616
0.1529012992518322 1846823.23225421
0.1556813228745928 1781755.64063899
0.15846134649735338 1705654.6160345497
0.16124137012011397 1618536.149518008
0.16402139374287455 1521047.0440417603
0.16680141736563514 1414295.3504802927
0.16958144098839573 1299703.7829712091
0.1723614646111563 1193025.9653412288
0.1751414882339169 937646.2369897265
0.17792151185667748 720176.0221671
0.18070153547943807 581022.3364241112
0.18348155910219865 486378.2605890771
0.18626158272495924 416359.84256599384
0.18904160634771983 362206.6718833325
0.1918216299704804 319010.31015480397
0.194601653593241 283853.2960057923
0.19738167721600158 254738.9605839955
0.20016170083876217 230297.73120044076
0.20294172446152275 209536.4574890542
0.20572174808428334 191759.48280459348
0.20850177170704393 176410.5959719825
0.2112817953298045 163044.72353283016
0.2140618189525651 151350.12239120092
0.21684184257532568 141040.05088252676
0.21962186619808627 131906.78728964576
0.22240188982084685 123797.50470016523
0.22518191344360744 116546.01172120082
0.22796193706636803 110058.64846763994
0.2307419606891286 104213.75026282542
0.2335219843118892 98943.6114927346
0.23630200793464978 94180.09767307017
0.23908203155741037 89851.91839997163
0.24186205518017095 85928.15521172098
0.24464207880293154 82346.76855218798
0.24742210242569213 79085.57526524157
0.2502021260484527 76103.69082374408
0.2529821496712133 73375.89001667479
0.2557621732939739 70884.09035561015
0.25854219691673447 68597.13052793447
0.26132222053949505 66503.43489390322
0.26410224416225564 64579.37545078018
