0.0 2911.6869677794043
0.0027800236227605857 2911.5994548958024
0.005560047245521171 2911.5118405432336
0.008340070868281757 2911.4241246892548
0.011120094491042343 2911.336307301414
0.013900118113802928 2911.2483883472537
0.016680141736563514 2911.1603677943112
0.0194601653593241 2911.072245610114
0.022240188982084685 2910.9840217621854
0.02502021260484527 2910.8956962180396
0.027800236227605857 2910.807268945186
0.030580259850366442 2910.718739911127
0.03336028347312703 2910.6301090833567
0.036140307095887614 2910.5413764293644
0.0389203307186482 2910.4525419166307
0.041700354341408785 2910.999800920813
0.04448037796416937 2911.0000582012217
0.047260401586929957 2910.9968575048133
0.05004042520969054 2910.9923087105435
0.05282044883245113 2910.984469895503
0.055600472455211714 2910.9751665040835
0.0583804960779723 2910.9631318431293
0.061160519700732885 2910.9476736681154
0.06394054332349347 2910.9302067363915
0.06672056694625406 2910.908468917051
0.06950059056901464 2910.8842235373486
0.07228061419177523 2910.855849390539
0.07506063781453581 2910.822098832079
0.0778406614372964 2910.7838626942735
0.08062068506005698 2910.7400291242825
0.08340070868281757 2910.689196616574
0.08618073230557816 2910.6308732416574
0.08896075592833874 2910.5629628809593
0.09174077955109933 2910.483637086205
0.09452080317385991 2910.390246065584
0.0973008267966205 2910.2824824511613
0.10008085041938108 2910.1533784142084
0.10286087404214167 2909.999080455023
0.10564089766490226 2909.8142137823556
0.10842092128766284 2909.5894072835754
0.11120094491042343 2909.309691647491
0.11398096853318401 2908.965736415441
0.1167609921559446 2908.5531406005903
0.11954101577870518 2908.056855019039
0.12232103940146577 2907.4584350596087
0.12510106302422636 2906.729342333166
0.12788108664698694 2905.8343162631313
0.13066111026974753 2904.7221519453788
0.1334411338925081 2903.32571178353
0.1362211575152687 2901.5522594986955
0.13900118113802928 2899.266794535932
0.14178120476078987 2896.25948231561
0.14456122838355046 2892.224549808672
0.14734125200631104 2886.6666316361975
0.15012127562907163 2878.708407238523
0.1529012992518322 2867.8890840176805
0.1556813228745928 2854.5901295398744
0.15846134649735338 2838.4810653555232
0.16124137012011397 2819.2438419281084
0.16402139374287455 2796.606395009857
0.16680141736563514 2770.308385579812
0.16958144098839573 2740.06743924476
0.1723614646111563 2709.7298335465966
0.1751414882339169 2622.483948251075
0.17792151185667748 2528.022121412515
0.18070153547943807 2450.854820261706
0.18348155910219865 2386.2332267981933
0.18626158272495924 2329.0542363172453
0.18904160634771983 2277.1394283087143
0.1918216299704804 2229.2039332254517
0.194601653593241 2184.5286361635185
0.19738167721600158 2142.55559483064
0.20016170083876217 2102.892531442298
0.20294172446152275 2065.2294019756428
0.20572174808428334 2029.3822526328959
0.20850177170704393 1995.1643327179488
0.2112817953298045 1962.3921648795153
0.2140618189525651 1930.9797740325719
0.21684184257532568 1900.7794152398278
0.21962186619808627 1871.7084699037277
0.22240188982084685 1843.735605462252
0.22518191344360744 1816.737198785914
0.22796193706636803 1790.713573815909
0.2307419606891286 1765.5504566182033
0.2335219843118892 1741.2396299897664
0.23630200793464978 1717.7447437717897
0.23908203155741037 1694.9900805179327
0.24186205518017095 1673.0043002814054
0.24464207880293154 1651.6949850477263
0.24742210242569213 1631.0861913982574
0.2502021260484527 1611.1225767889407
0.2529821496712133 1591.7911428369343
0.2557621732939739 1573.0966023927394
0.25854219691673447 1554.9811934790528
0.26132222053949505 1537.4565894340349
0.26410224416225564 1520.4761840839822
