0.0 0.0
0.0027800236227605857 0.02036065049298145
0.005560047245521171 0.028796488000998186
0.008340070868281757 0.035271021648693064
0.011120094491042343 0.04073055240813197
0.013900118113802928 0.04554159181840332
0.016680141736563514 0.04989209452431557
0.0194601653593241 0.05389370558581219
0.022240188982084685 0.05761916237624442
0.02502021260484527 0.061118984611504966
0.027800236227605857 0.06442995260930247
0.030580259850366442 0.06757983044771199
0.03336028347312703 0.07059018643435654
0.036140307095887614 0.07347817142769934
0.0389203307186482 0.07625769023905175
0.041700354341408785 0.056877761751924306
0.04448037796416937 0.056854165293015735
0.047260401586929957 0.05697353388548579
0.05004042520969054 0.05714803759066131
0.05282044883245113 0.05745658672150215
0.055600472455211714 0.057822743424310444
0.0583804960779723 0.05829638583790991
0.061160519700732885 0.05890236499818422
0.06394054332349347 0.05958078704222612
0.06672056694625406 0.060416971233589134
0.06950059056901464 0.06133691041864352
0.07228061419177523 0.06239767869851089
0.07506063781453581 0.06363796398163522
0.0778406614372964 0.06501518219793592
0.08062068506005698 0.06655972832872847
0.08340070868281757 0.06830801050827817
0.08618073230557816 0.07026090002220595
0.08896075592833874 0.07246917546760923
0.09174077955109933 0.07496689424118717
0.09452080317385991 0.07780532322541839
0.0973008267966205 0.08095702447715532
0.10008085041938108 0.08457891892738793
0.10286087404214167 0.0887141483292287
0.10564089766490226 0.09342808132432628
0.10842092128766284 0.09885832303996568
0.11120094491042343 0.10522498633225151
0.11398096853318401 0.11256145795982343
0.1167609921559446 0.1207751488664498
0.11954101577870518 0.12996891685430634
0.12232103940146577 0.14025596785714436
0.12510106302422636 0.15185190078360958
0.12788108664698694 0.16497914209283723
0.13066111026974753 0.17996711496590118
0.1334411338925081 0.19718826257686364
0.1362211575152687 0.21711318469000204
0.13900118113802928 0.24039096425173231
0.14178120476078987 0.2679969917191184
0.14456122838355046 0.3011523070742409
0.14734125200631104 0.3417077425192048
0.15012127562907163 0.39275921437200734
0.1529012992518322 0.4533750453431312
0.1556813228745928 0.5187394398577009
0.15846134649735338 0.5889088832532526
0.16124137012011397 0.663883735638461
0.16402139374287455 0.7435486631293698
0.16680141736563514 0.827856158124665
0.16958144098839573 0.9169232151142149
0.1723614646111563 1.0
0.1751414882339169 1.2064799151284011
0.17792151185667748 1.403976214320798
0.18070153547943807 1.550391566365967
0.18348155910219865 1.664746249565394
0.18626158272495924 1.7607815584148447
0.18904160634771983 1.8443625214081216
0.1918216299704804 1.918846754131434
0.194601653593241 1.9861532440864216
0.19738167721600158 2.0476959107613872
0.20016170083876217 2.104460749161564
0.20294172446152275 2.157205108867935
0.20572174808428334 2.2064064359521844
0.20850177170704393 2.252510590782848
0.2112817953298045 2.295931025404161
0.2140618189525651 2.336886977200879
0.21684184257532568 2.375694136298008
0.21962186619808627 2.4125404249637796
0.22240188982084685 2.4475125406504477
0.22518191344360744 2.4808571549679805
0.22796193706636803 2.512591268972231
0.2307419606891286 2.5429357920277518
0.2335219843118892 2.571915279617632
0.23630200793464978 2.5996023536146553
0.23908203155741037 2.6261402345950984
0.24186205518017095 2.6514772616723006
0.24464207880293154 2.675784716365107
0.24742210242569213 2.699015825075307
0.2502021260484527 2.721270998849392
0.2529821496712133 2.7425704999893727
0.2557621732939739 2.762899695657301
0.25854219691673447 2.782362335389767
0.26132222053949505 2.8009292258605383
0.26410224416225564 2.8186827036244892
