0.0 1642.6490518777014
0.0027800236227605857 1666.6598011725494
0.005560047245521171 1691.873321424913
0.008340070868281757 1718.3746839723542
0.011120094491042343 1746.2086062420608
0.013900118113802928 1775.4708788467867
0.016680141736563514 1806.219359756885
0.0194601653593241 1838.5458786447261
0.022240188982084685 1872.553097697088
0.02502021260484527 1908.3129475102899
0.027800236227605857 1946.0129605010059
0.030580259850366442 1985.6771517777906
0.03336028347312703 2027.3293276176125
0.036140307095887614 2071.2773109566924
0.0389203307186482 2117.6564017964606
0.041700354341408785 2166.72756154988
0.04448037796416937 2218.639334404405
0.047260401586929957 2273.699771419239
0.05004042520969054 2332.144135995467
0.05282044883245113 2394.2406520295194
0.055600472455211714 2460.441046437075
0.0583804960779723 2531.1264907133404
0.061160519700732885 2607.0887747837296
0.06394054332349347 2689.0047864977255
0.06672056694625406 2777.468055760262
0.06950059056901464 2873.4238504944924
0.07228061419177523 2977.8355892959935
0.07506063781453581 3092.4598305616905
0.0778406614372964 3218.748313226311
0.08062068506005698 3358.8306003815046
0.08340070868281757 3515.754508260681
0.08618073230557816 3696.373237692566
0.08896075592833874 3887.820846203057
0.09174077955109933 3999.974188626762
0.09452080317385991 4010.664926379452
0.0973008267966205 3998.1912235269683
0.10008085041938108 3960.8083997813783
0.10286087404214167 3899.9098914584597
0.10564089766490226 3817.351088477772
0.10842092128766284 3715.3395380854286
0.11120094491042343 3596.1572753195724
0.11398096853318401 3462.1299408149666
0.1167609921559446 3330.0710357002185
0.11954101577870518 3210.410224581009
0.12232103940146577 3101.333857022448
0.12510106302422636 3001.5875658022865
0.12788108664698694 2909.535350008979
0.13066111026974753 2824.0960895468293
0.1334411338925081 2744.778753608153
0.1362211575152687 2670.6786931952147
0.13900118113802928 2601.275934799455
0.14178120476078987 2536.1063686030247
0.14456122838355046 2474.805547166616
0.14734125200631104 2417.016343990048
0.15012127562907163 2362.3708624981114
0.1529012992518322 2310.96762759754
0.1556813228745928 2264.573501512981
0.15846134649735338 2222.854958417138
0.16124137012011397 2185.22313214787
0.16402139374287455 2151.1720883509324
0.16680141736563514 2120.3051683091758
0.16958144098839573 2092.277938764997
0.1723614646111563 2066.804255917672
0.1751414882339169 2043.6385162349034
0.17792151185667748 2022.5786618678815
0.18070153547943807 2003.449384667758
0.18348155910219865 1986.0946722528258
0.18626158272495924 1970.3900304684087
0.18904160634771983 1956.220219557224
0.1918216299704804 1943.4864631577022
0.194601653593241 1932.1177381007737
0.19738167721600158 1922.0242286521889
0.20016170083876217 1913.1606699890012
0.20294172446152275 1905.4646435005777
0.20572174808428334 1898.8939637083852
0.20850177170704393 1893.4189691553247
0.2112817953298045 1888.9989198241478
0.2140618189525651 1885.6210296663974
0.21684184257532568 1883.259462640662
0.21962186619808627 1881.9081680954905
0.22240188982084685 1881.4881160594455
0.22518191344360744 1881.1055107130196
0.22796193706636803 1880.8993763490482
0.2307419606891286 1880.6945411066658
0.2335219843118892 1880.4884016697888
0.23630200793464978 1880.2814020769208
0.23908203155741037 1880.072582984792
0.24186205518017095 1879.8634071620918
0.24464207880293154 1879.6535251980247
0.24742210242569213 1879.4429152596815
0.2502021260484527 1879.2355722541618
0.2529821496712133 1879.0246445709872
0.2557621732939739 1878.813076799283
0.25854219691673447 1878.6007727977035
0.26132222053949505 1878.383813120243
0.26410224416225564 1878.1701417618083
