0.0 37.33293299722048
0.0027800236227605857 37.878631844830664
0.005560047245521171 38.45166639602075
0.008340070868281757 39.05397009028078
0.011120094491042343 39.686559232774115
0.013900118113802928 40.351610882881516
0.016680141736563514 41.050439994474665
0.0194601653593241 41.78513360556195
0.022240188982084685 42.55802494766109
0.02502021260484527 43.37074880705204
0.027800236227605857 44.22756728411377
0.030580259850366442 45.129026176767965
0.03336028347312703 46.07566653676392
0.036140307095887614 47.07448433992483
0.0389203307186482 48.1285545862832
0.041700354341408785 49.243808217042734
0.04448037796416937 50.423621236463745
0.047260401586929957 51.6749948049827
0.05004042520969054 53.00327581807879
0.05282044883245113 54.414560273398166
0.055600472455211714 55.9191146917517
0.0583804960779723 57.52560206166683
0.061160519700732885 59.25201760872113
0.06394054332349347 61.11374514767558
0.06672056694625406 63.12427399455141
0.06950059056901464 65.30508751123845
0.07228061419177523 67.67808157490894
0.07506063781453581 70.28317796731115
0.0778406614372964 73.15337075514343
0.08062068506005698 76.33705909957966
0.08340070868281757 79.90351155137913
0.08618073230557816 84.00848267483104
0.08896075592833874 88.35956468643312
0.09174077955109933 90.90850428697186
0.09452080317385991 91.151475599533
0.0973008267966205 90.86798235288565
0.10008085041938108 90.01837272230405
0.10286087404214167 88.634315714965
0.10564089766490226 86.75797928358573
0.10842092128766284 84.43953495648701
0.11120094491042343 81.73084716635393
0.11398096853318401 78.68477138215833
0.1167609921559446 75.68343262955042
0.11954101577870518 72.96386874047747
0.12232103940146577 70.48486038687382
0.12510106302422636 68.21789922277924
0.12788108664698694 66.12580340929497
0.13066111026974753 64.18400203515522
0.1334411338925081 62.3813353092762
0.1362211575152687 60.69724302716397
0.13900118113802928 59.11990760907853
0.14178120476078987 57.638781104614196
0.14456122838355046 56.2455806174231
0.14734125200631104 54.93218963613746
0.15012127562907163 53.690246874957076
0.1529012992518322 52.521991536307716
0.1556813228745928 51.467579579840475
0.15846134649735338 50.51943087311677
0.16124137012011397 49.66416209426977
0.16402139374287455 48.89027473524846
0.16680141736563514 48.18875382520854
0.16958144098839573 47.55177133556812
0.1723614646111563 46.972823998128916
0.1751414882339169 46.446329914429626
0.17792151185667748 45.967696860633666
0.18070153547943807 45.53294056063086
0.18348155910219865 45.138515278473314
0.18626158272495924 44.781591601554744
0.18904160634771983 44.45955044448236
0.1918216299704804 44.17014688994778
0.194601653593241 43.91176677501758
0.19738167721600158 43.68236883300429
0.20016170083876217 43.480924317931844
0.20294172446152275 43.30601462501313
0.20572174808428334 43.1566809933724
0.20850177170704393 43.032249298984645
0.2112817953298045 42.931793632367
0.2140618189525651 42.85502340150903
0.21684184257532568 42.801351423651404
0.21962186619808627 42.77064018398842
0.22240188982084685 42.761093546805576
0.22518191344360744 42.752397970750444
0.22796193706636803 42.747713098842006
0.2307419606891286 42.74305775242423
0.2335219843118892 42.73837276522247
0.23630200793464978 42.73366822902093
0.23908203155741037 42.72892234056346
0.24186205518017095 42.724168344593
0.24464207880293154 42.71939829995511
0.24742210242569213 42.71461171044731
0.2502021260484527 42.70989936941277
0.2529821496712133 42.705105558431526
0.2557621732939739 42.7002971999837
0.25854219691673447 42.69547210903871
0.26132222053949505 42.69054120727825
0.26410224416225564 42.68568504004109
