0.0 1175510.312271156
0.0027800236227605857 1192692.8524912887
0.005560047245521171 1210736.1180515317
0.008340070868281757 1229700.98758842
0.011120094491042343 1249619.4617272466
0.013900118113802928 1270560.0900178878
0.016680141736563514 1292564.2767035197
0.0194601653593241 1315697.736811172
0.022240188982084685 1340033.9373173113
0.02502021260484527 1365624.3530988414
0.027800236227605857 1392603.1858523653
0.030580259850366442 1420987.621237671
0.03336028347312703 1450794.6954707662
0.036140307095887614 1482244.6923885837
0.0389203307186482 1515434.4351967555
0.041700354341408785 1550550.672751766
0.04448037796416937 1587942.7869478995
0.047260401586929957 1628801.498222496
0.05004042520969054 1673493.5582820775
0.05282044883245113 1722343.2482801431
0.055600472455211714 1775832.900344444
0.0583804960779723 1834425.2235533427
0.061160519700732885 1898917.938871244
0.06394054332349347 1970073.3081660024
0.06672056694625406 2048648.063373506
0.06950059056901464 2135724.5574901425
0.07228061419177523 2232483.1740167206
0.07506063781453581 2340805.6689520692
0.0778406614372964 2462486.487441216
0.08062068506005698 2600009.9200429344
0.08340070868281757 2756805.842382895
0.08618073230557816 2939644.659942612
0.08896075592833874 3139942.490214729
0.09174077955109933 3285289.623382883
0.09452080317385991 3354934.4661586317
0.0973008267966205 3411813.408457045
0.10008085041938108 3454010.43506284
0.10286087404214167 3482153.8058102406
0.10564089766490226 3497263.4596701036
0.10842092128766284 3500709.0720396712
0.11120094491042343 3494008.040212648
0.11398096853318401 3477892.5799545804
0.1167609921559446 3463535.511821026
0.11954101577870518 3461493.486796107
0.12232103940146577 3471142.589588983
0.12510106302422636 3492410.909530808
0.12788108664698694 3524752.3579160264
0.13066111026974753 3568228.091965725
0.1334411338925081 3623689.2930714376
0.1362211575152687 3691575.4348446256
0.13900118113802928 3772970.630932556
0.14178120476078987 3869269.18191475
0.14456122838355046 3982330.9120351193
0.14734125200631104 4114458.7025464615
0.15012127562907163 4268501.904350722
0.1529012992518322 4425729.580646176
0.1556813228745928 4561868.250374836
0.15846134649735338 4674722.323503706
0.16124137012011397 4761200.690908824
0.16402139374287455 4818300.757904304
0.16680141736563514 4843563.023802278
0.16958144098839573 4835276.6028261315
0.1723614646111563 4792349.438172211
0.1751414882339169 4652917.127151989
0.17792151185667748 4394328.293109323
0.18070153547943807 4141092.1308443956
0.18348155910219865 3918696.053887692
0.18626158272495924 3722355.808248039
0.18904160634771983 3548208.90261137
0.1918216299704804 3392882.920670608
0.194601653593241 3253970.1507514804
0.19738167721600158 3129152.841481177
0.20016170083876217 3016821.661550608
0.20294172446152275 2915355.996129179
0.20572174808428334 2823577.483578224
0.20850177170704393 2740487.7182575986
0.2112817953298045 2665081.4672566867
0.2140618189525651 2596696.8618311374
0.21684184257532568 2534587.7523973007
0.21962186619808627 2478240.7367708087
0.22240188982084685 2427107.7665956966
0.22518191344360744 2379583.751125063
0.22796193706636803 2335601.7557741175
0.2307419606891286 2294620.104093927
0.2335219843118892 2256432.395207813
0.23630200793464978 2220854.5495323157
0.23908203155741037 2187657.560091835
0.24186205518017095 2156720.3478180165
0.24464207880293154 2127856.96820645
0.24742210242569213 2100955.2314553787
0.2502021260484527 2075915.8367742149
0.2529821496712133 2052593.3284061898
0.2557621732939739 2030923.822539379
0.25854219691673447 2010793.7050701042
0.26132222053949505 1992145.669270127
0.26410224416225564 1974894.689235212
