0.0 412.93737925313883
0.0027800236227605857 414.5780759554764
0.005560047245521171 416.2772383965994
0.008340070868281757 418.0430294059147
0.011120094491042343 419.86374291714503
0.013900118113802928 421.756071987641
0.016680141736563514 423.7081691580779
0.0194601653593241 425.72674708684144
0.022240188982084685 427.814966322494
0.02502021260484527 429.9706357454175
0.027800236227605857 432.1943231813734
0.030580259850366442 434.4894454153622
0.03336028347312703 436.84414162431017
0.036140307095887614 439.2716459816402
0.0389203307186482 441.768039636383
0.041700354341408785 444.33721816295326
0.04448037796416937 446.9732070643431
0.047260401586929957 449.68372446255535
0.05004042520969054 452.4603833254125
0.05282044883245113 455.3138373758791
0.055600472455211714 458.22577959534095
0.0583804960779723 461.1541504936652
0.061160519700732885 463.9272543483172
0.06394054332349347 466.4890409117698
0.06672056694625406 468.7801951683861
0.06950059056901464 470.7504895310481
0.07228061419177523 472.34349717899084
0.07506063781453581 473.47222616079455
0.0778406614372964 474.04872128536454
0.08062068506005698 473.96873432334684
0.08340070868281757 473.1586920166478
0.08618073230557816 471.63734100645
0.08896075592833874 469.9907404293881
0.09174077955109933 470.50993754017935
0.09452080317385991 471.8068308070855
0.0973008267966205 473.93776857874883
0.10008085041938108 476.7180468413692
0.10286087404214167 480.0035025694541
0.10564089766490226 483.5865167072952
0.10842092128766284 487.17093944399517
0.11120094491042343 490.4441309455469
0.11398096853318401 492.933249200858
0.1167609921559446 494.114860746164
0.11954101577870518 493.9819075896798
0.12232103940146577 492.73034258588575
0.12510106302422636 490.5318473920074
0.12788108664698694 487.98222903710507
0.13066111026974753 485.42564617356237
0.1334411338925081 482.87817721166857
0.1362211575152687 480.327694750356
0.13900118113802928 477.7855135516559
0.14178120476078987 475.27065539654546
0.14456122838355046 472.79525148462494
0.14734125200631104 470.3598201600392
0.15012127562907163 467.9959848524003
0.1529012992518322 465.7020986983291
0.1556813228745928 463.573129718935
0.15846134649735338 461.6302397451301
0.16124137012011397 459.84944768260493
0.16402139374287455 458.23292954810506
0.16680141736563514 456.7576159289161
0.16958144098839573 455.41742226878233
0.1723614646111563 454.2044242815791
0.1751414882339169 453.11338823181313
0.17792151185667748 452.13279512212057
0.18070153547943807 451.2552083726966
0.18348155910219865 450.4806127054182
0.18626158272495924 449.79738728362963
0.18904160634771983 449.20475280539455
0.1918216299704804 448.70127437084574
0.194601653593241 448.26858689681717
0.19738167721600158 447.92488663436
0.20016170083876217 447.6490002603892
0.20294172446152275 447.44963858190215
0.20572174808428334 447.32319495098534
0.20850177170704393 447.2590594772886
0.2112817953298045 447.2688403962862
0.2140618189525651 447.3390529118437
0.21684184257532568 447.47798379394237
0.21962186619808627 447.6787717093848
0.22240188982084685 447.93670477610766
0.22518191344360744 448.2039371585821
0.22796193706636803 448.4799447980432
0.2307419606891286 448.75430724536113
0.2335219843118892 449.03012095637007
0.23630200793464978 449.306857608349
0.23908203155741037 449.58565777434325
0.24186205518017095 449.86478181109885
0.24464207880293154 450.1446451066193
0.24742210242569213 450.4252734942862
0.2502021260484527 450.70191805020477
0.2529821496712133 450.98272371533034
0.2557621732939739 451.2641898451327
0.25854219691673447 451.54643059428116
0.26132222053949505 451.83410348135124
0.26410224416225564 452.1177678279005
