0.0 632.3500560821144
0.0027800236227605857 636.3980644853158
0.005560047245521171 640.6144036498448
0.008340070868281757 645.0130818533365
0.011120094491042343 649.5879418360984
0.013900118113802928 654.3603260600464
0.016680141736563514 659.3250546389086
0.0194601653593241 664.4948160390045
0.022240188982084685 669.8804583227457
0.02502021260484527 675.4778962716214
0.027800236227605857 681.2975667560833
0.030580259850366442 687.3664312919819
0.03336028347312703 693.8009051520339
0.036140307095887614 700.5087068877918
0.0389203307186482 707.4966915818435
0.041700354341408785 714.7908376145148
0.04448037796416937 722.3965580703023
0.047260401586929957 730.3461932056863
0.05004042520969054 738.650892821245
0.05282044883245113 747.3389400274752
0.055600472455211714 756.4344166950754
0.0583804960779723 765.9346265635654
0.061160519700732885 775.7646163605411
0.06394054332349347 785.8994362436712
0.06672056694625406 796.3899130009046
0.06950059056901464 807.2769602509145
0.07228061419177523 818.595557199598
0.07506063781453581 830.2497092604108
0.0778406614372964 842.3344894672456
0.08062068506005698 855.0616748176221
0.08340070868281757 868.6186071677273
0.08618073230557816 882.849156045189
0.08896075592833874 897.2575988793577
0.09174077955109933 906.4855138088463
0.09452080317385991 908.1326300159454
0.0973008267966205 908.4709676968398
0.10008085041938108 907.2468689168882
0.10286087404214167 904.4673916520192
0.10564089766490226 900.1253020708072
0.10842092128766284 894.1752951524106
0.11120094491042343 886.5578355537957
0.11398096853318401 877.1053668318408
0.1167609921559446 866.3639860000033
0.11954101577870518 855.4348825112465
0.12232103940146577 844.5601714748502
0.12510106302422636 833.7597948619854
0.12788108664698694 823.3185237918896
0.13066111026974753 813.3370498881427
0.1334411338925081 803.66446387611
0.1362211575152687 794.425759751284
0.13900118113802928 785.5893995455003
0.14178120476078987 777.1334627386038
0.14456122838355046 769.0116295398046
0.14734125200631104 761.2045696503112
0.15012127562907163 753.7286429211424
0.1529012992518322 746.5994473335768
0.1556813228745928 740.0831876034964
0.15846134649735338 734.1712551421417
0.16124137012011397 728.7913947511439
0.16402139374287455 723.8984706587112
0.16680141736563514 719.4378688609369
0.16958144098839573 715.3725733400995
0.1723614646111563 711.6694630553607
0.1751414882339169 708.3011411455802
0.17792151185667748 705.2393909000261
0.18070153547943807 702.4615919686859
0.18348155910219865 699.952646780002
0.18626158272495924 697.6914418679314
0.18904160634771983 695.6661190659692
0.1918216299704804 693.86588156898
0.194601653593241 692.269425729977
0.19738167721600158 690.8820596606521
0.20016170083876217 689.6827781989598
0.20294172446152275 688.6721621732678
0.20572174808428334 687.8431887763511
0.20850177170704393 687.1845765322269
0.2112817953298045 686.7013204220931
0.2140618189525651 686.381564741852
0.21684184257532568 686.2291810533337
0.21962186619808627 686.2381653409083
0.22240188982084685 686.3960360500547
0.22518191344360744 686.5654798061317
0.22796193706636803 686.7615334148655
0.2307419606891286 686.9564571488075
0.2335219843118892 687.1524184763933
0.23630200793464978 687.3490478950107
0.23908203155741037 687.5471445228906
0.24186205518017095 687.7454904397656
0.24464207880293154 687.9443767623775
0.24742210242569213 688.1438218283025
0.2502021260484527 688.3404978067765
0.2529821496712133 688.5401123028853
0.2557621732939739 688.7402126353358
0.25854219691673447 688.9408790530131
0.26132222053949505 689.1453778610263
0.26410224416225564 689.3470895906864
